format short

F=[90	80	80	80	80	80	80	80

90	90	80	80	80	80	80	80

90	80	80	90	80	80	80	80

80	80	80	80	80	80	80	80

80	80	80	80	80	80	80	80

80	80	80	80	80	80	80	80

90	80	80	80	80	80	80	80

90	80	80	90	80	80	80	80

90	80	80	90	80	80	80	80];

F0=3.6*9.8/0.11*1.7/8;

F1=F-F0;
F2=F;

t=[
 0	0	0	0	0	0	0	0

0	0	0	0	0	0	0	0

0	0	0	0	0	0	0	0

-0.1	0	0	0	0	0	0	0

-0.1	-0.1	0	0	0	0	0	0

-0.1	0	0	-0.1	0	0	0	0

-0.1	0	0	0	0	0	0	0

0	-0.1	0	0	-0.1	0	0	0

0	0	0	0	-0.1	0	0	-0.1];

t1=0-t;
t2=0.1*ones(9,8);

theta=[0,1,2,3,4,5,6,7]*pi/4;

sintheta=[0,2^0.5/2,1,2^0.5/2,0,-2^0.5/2,-1,-2^0.5/2];
costheta=[1,2^0.5/2,0,-2^0.5/2,-1,-2^0.5/2,0,2^0.5/2];
sinphy=0.11/1.7;
cosphy=(1-sinphy^2)^0.5;


